|-----------------------------------------------------------------------------------------|
|93       |         |         |389      |         |         |239      |         |2389     |
|         |         |         |         |         |         |         |         |         |
|         |         |         |         |         |         |         |         |         |
|-----------------------------------------------------------------------------------------|
|         |         |         |3789     |789      |379      |         |389      |         |
|         |         |         |         |         |         |         |         |         |
|         |         |         |         |         |         |         |         |         |
|-----------------------------------------------------------------------------------------|
|         |         |93       |16       |126      |12       |39       |         |         |
|         |         |         |         |         |         |         |         |         |
|         |         |         |         |         |         |         |         |         |
|-----------------------------------------------------------------------------------------|
|         |         |39       |3469     |469      |         |         |         |369      |
|         |         |         |         |         |         |         |         |         |
|         |         |         |         |         |         |         |         |         |
|-----------------------------------------------------------------------------------------|
|         |         |         |         |19       |139      |         |39       |         |
|         |         |         |         |         |         |         |         |         |
|         |         |         |         |         |         |         |         |         |
|-----------------------------------------------------------------------------------------|
|         |39       |         |36789    |6789     |379      |239      |         |2369     |
|         |         |         |         |         |         |         |         |         |
|         |         |         |         |         |         |         |         |         |
|-----------------------------------------------------------------------------------------|
|         |89       |         |         |         |         |         |         |89       |
|         |         |         |         |         |         |         |         |         |
|         |         |         |         |         |         |         |         |         |
|-----------------------------------------------------------------------------------------|
|         |389      |72       |479      |2479     |279      |         |389      |         |
|         |         |         |         |         |         |         |         |         |
|         |         |         |         |         |         |         |         |         |
|-----------------------------------------------------------------------------------------|
|93       |         |72       |179      |1279     |         |         |         |39       |
|         |         |         |         |         |         |         |         |         |
|         |         |         |         |         |         |         |         |         |
|-----------------------------------------------------------------------------------------|
